{
    "experiment": "ColorPicker_142_201_60_2023-04-03",
    "exp_type": "color_picker",
    "plate_N": 1,
    "target_color": [
        142,
        201,
        60
    ],
    "wells": [
        "A1",
        "A2",
        "A3",
        "A4",
        "A5",
        "A6",
        "A7",
        "A8",
        "A9",
        "A10",
        "A11",
        "A12",
        "B1",
        "B2",
        "B3",
        "B4",
        "B5",
        "B6",
        "B7",
        "B8",
        "B9",
        "B10",
        "B11",
        "B12",
        "C1",
        "C2",
        "C3",
        "C4",
        "C5",
        "C6",
        "C7",
        "C8",
        "C9",
        "C10",
        "C11",
        "C12",
        "D1",
        "D2",
        "D3",
        "D4",
        "D5",
        "D6",
        "D7",
        "D8",
        "D9",
        "D10",
        "D11",
        "D12",
        "E1",
        "E2",
        "E3",
        "E4",
        "E5",
        "E6",
        "E7",
        "E8",
        "E9",
        "E10",
        "E11",
        "E12",
        "F1",
        "F2",
        "F3",
        "F4",
        "F5",
        "F6",
        "F7",
        "F8",
        "F9",
        "F10",
        "F11",
        "F12",
        "G1",
        "G2",
        "G3",
        "G4",
        "G5",
        "G6",
        "G7",
        "G8"
    ],
    "wf_steps": [
        [
            {
                "name": "Move from Sciclops to OT2",
                "module": "pf400",
                "command": "transfer",
                "args": {
                    "source": "camera_module.positions.plate_station",
                    "target": "ot2_cp_gamma.positions.deck2",
                    "source_plate_rotation": "narrow",
                    "target_plate_rotation": "wide"
                },
                "comment": "Place plate in ot2",
                "start_time": "2023-04-03 11:43:43.257000",
                "end_time": "2023-04-03 11:44:16.841000",
                "duration": "0:00:33.584000"
            },
            {
                "name": "Mix all colors",
                "module": "ot2_cp_gamma",
                "command": "run_protocol",
                "args": {
                    "config_path": "/home/rpl/workspace/rpl_workcell/color_picker/protocol_files/combined_protocol.yaml",
                    "red_volumes": "payload.red_volumes",
                    "green_volumes": "payload.green_volumes",
                    "blue_volumes": "payload.blue_volumes",
                    "destination_wells": "payload.destination_wells",
                    "use_existing_resources": "payload.use_existing_resources"
                },
                "comment": "Mix the red portions according to input data",
                "start_time": "2023-04-03 11:44:16.841000",
                "end_time": "2023-04-03 11:51:40.903000",
                "duration": "0:07:24.062000"
            },
            {
                "name": "Move to Picture",
                "module": "pf400",
                "command": "transfer",
                "args": {
                    "source": "ot2_cp_gamma.positions.deck2",
                    "target": "camera_module.positions.plate_station",
                    "source_plate_rotation": "wide",
                    "target_plate_rotation": "narrow"
                },
                "start_time": "2023-04-03 11:51:40.904000",
                "end_time": "2023-04-03 11:52:14.831000",
                "duration": "0:00:33.927000"
            },
            {
                "name": "Take Picture",
                "module": "camera_module",
                "command": "take_picture",
                "args": {
                    "save_location": "local_run_results",
                    "file_name": "final_image.jpg"
                },
                "start_time": "2023-04-03 11:52:14.831000",
                "end_time": "2023-04-03 11:52:15.211000",
                "duration": "0:00:00.380000"
            }
        ]
    ],
    "total_iterations": 10,
    "pop_size": 8,
    "exp_budget": 80,
    "time_to_best": "0:10:01.223607",
    "total_time": "1:27:52.726945",
    "runs": [
        {
            "run_number": 10,
            "run_label": "run-20230403_114343",
            "tried_values": [
                [
                    0.37951807228915657,
                    0.45180722891566255,
                    0.16867469879518068
                ],
                [
                    0.1475,
                    0.43999999999999995,
                    0.4125
                ],
                [
                    0.2980132450331126,
                    0.46688741721854293,
                    0.23509933774834435
                ],
                [
                    0.10721247563352826,
                    0.5955165692007797,
                    0.297270955165692
                ],
                [
                    0.18370883882149047,
                    0.6672443674176777,
                    0.14904679376083188
                ],
                [
                    0.17276422764227642,
                    0.4464769647696477,
                    0.3807588075880759
                ],
                [
                    0.4350453172205438,
                    0.17623363544813694,
                    0.38872104733131924
                ],
                [
                    0.1259259259259259,
                    0.5703703703703703,
                    0.3037037037037037
                ]
            ],
            "exp_volumes": [
                [
                    104.36746987951805,
                    124.2469879518072,
                    46.38554216867469
                ],
                [
                    40.5625,
                    120.99999999999999,
                    113.4375
                ],
                [
                    81.95364238410596,
                    128.3940397350993,
                    64.6523178807947
                ],
                [
                    29.483430799220272,
                    163.7670565302144,
                    81.74951267056531
                ],
                [
                    50.51993067590988,
                    183.49220103986136,
                    40.98786828422877
                ],
                [
                    47.510162601626014,
                    122.78116531165313,
                    104.70867208672087
                ],
                [
                    119.63746223564954,
                    48.46424974823766,
                    106.89828801611279
                ],
                [
                    34.629629629629626,
                    156.85185185185185,
                    83.51851851851852
                ]
            ],
            "results": [
                [
                    47,
                    50,
                    30
                ],
                [
                    53,
                    81,
                    43
                ],
                [
                    31,
                    53,
                    28
                ],
                [
                    11,
                    69,
                    44
                ],
                [
                    9,
                    47,
                    46
                ],
                [
                    28,
                    65,
                    31
                ],
                [
                    67,
                    47,
                    12
                ],
                [
                    25,
                    65,
                    45
                ]
            ],
            "differences": [
                57.46365117770276,
                44.82432506675525,
                56.777313467807836,
                53.0685858987511,
                62.22176239586899,
                53.01763290898794,
                59.031734525377594,
                54.40161570989314
            ],
            "best_on_plate": [
                53,
                81,
                43
            ],
            "pos_on_plate": 1,
            "plate_best_diff": 44.82432506675525,
            "best_so_far": [
                191,
                134,
                1
            ]
        },
        {
            "run_number": 9,
            "run_label": "run-20230403_113501",
            "tried_values": [
                [
                    0.28571428571428575,
                    0.505952380952381,
                    0.2083333333333334
                ],
                [
                    0.6298701298701298,
                    0.27110389610389607,
                    0.099025974025974
                ],
                [
                    0.34100418410041844,
                    0.4707112970711297,
                    0.18828451882845187
                ],
                [
                    0.1213991769547325,
                    0.8137860082304528,
                    0.06481481481481481
                ],
                [
                    0.3409090909090909,
                    0.5492424242424242,
                    0.10984848484848485
                ],
                [
                    0.12360688956433635,
                    0.5106382978723404,
                    0.3657548125633232
                ],
                [
                    0.39306599832915623,
                    0.24269005847953218,
                    0.36424394319131165
                ],
                [
                    0.29539530842745443,
                    0.32232841007819285,
                    0.3822762814943527
                ]
            ],
            "exp_volumes": [
                [
                    78.57142857142858,
                    139.1369047619048,
                    57.291666666666686
                ],
                [
                    173.2142857142857,
                    74.55357142857142,
                    27.23214285714285
                ],
                [
                    93.77615062761507,
                    129.44560669456067,
                    51.77824267782427
                ],
                [
                    33.38477366255144,
                    223.7911522633745,
                    17.824074074074073
                ],
                [
                    93.75,
                    151.04166666666666,
                    30.208333333333332
                ],
                [
                    33.9918946301925,
                    140.4255319148936,
                    100.58257345491388
                ],
                [
                    108.09314954051797,
                    66.73976608187135,
                    100.1670843776107
                ],
                [
                    81.23370981754996,
                    88.64031277150303,
                    105.125977410947
                ]
            ],
            "results": [
                [
                    19,
                    32,
                    14
                ],
                [
                    34,
                    20,
                    3
                ],
                [
                    27,
                    40,
                    22
                ],
                [
                    3,
                    50,
                    62
                ],
                [
                    25,
                    37,
                    27
                ],
                [
                    28,
                    72,
                    35
                ],
                [
                    68,
                    58,
                    9
                ],
                [
                    63,
                    75,
                    28
                ]
            ],
            "differences": [
                62.07113628592679,
                66.76837880540799,
                60.21566406842972,
                66.1801471541456,
                61.81225905960799,
                50.318546587755506,
                53.83952098756495,
                46.26002234084944
            ],
            "best_on_plate": [
                63,
                75,
                28
            ],
            "pos_on_plate": 7,
            "plate_best_diff": 46.26002234084944,
            "best_so_far": [
                191,
                134,
                1
            ]
        },
        {
            "run_number": 8,
            "run_label": "run-20230403_112621",
            "tried_values": [
                [
                    0.3270440251572327,
                    0.41509433962264153,
                    0.2578616352201258
                ],
                [
                    0.4454545454545455,
                    0.4545454545454546,
                    0.09999999999999999
                ],
                [
                    0.47241379310344833,
                    0.35172413793103446,
                    0.17586206896551723
                ],
                [
                    0.2135452660677263,
                    0.17899101589495509,
                    0.6074637180373186
                ],
                [
                    0.09598366235534377,
                    0.3859768550034037,
                    0.5180394826412527
                ],
                [
                    0.6245644599303135,
                    0.26219512195121947,
                    0.11324041811846688
                ],
                [
                    0.44261501210653753,
                    0.16077481840193705,
                    0.3966101694915254
                ],
                [
                    0.9406880189798339,
                    0.03914590747330961,
                    0.020166073546856466
                ]
            ],
            "exp_volumes": [
                [
                    89.937106918239,
                    114.15094339622642,
                    70.9119496855346
                ],
                [
                    122.50000000000001,
                    125.00000000000001,
                    27.499999999999996
                ],
                [
                    129.91379310344828,
                    96.72413793103448,
                    48.36206896551724
                ],
                [
                    58.724948168624735,
                    49.22252937111265,
                    167.05252246026262
                ],
                [
                    26.395507147719535,
                    106.14363512593602,
                    142.46085772634447
                ],
                [
                    171.75522648083623,
                    72.10365853658536,
                    31.141114982578394
                ],
                [
                    121.71912832929782,
                    44.21307506053269,
                    109.06779661016948
                ],
                [
                    258.6892052194543,
                    10.765124555160142,
                    5.545670225385528
                ]
            ],
            "results": [
                [
                    23,
                    32,
                    9
                ],
                [
                    30,
                    28,
                    16
                ],
                [
                    35,
                    30,
                    11
                ],
                [
                    67,
                    60,
                    8
                ],
                [
                    48,
                    85,
                    35
                ],
                [
                    74,
                    52,
                    28
                ],
                [
                    74,
                    44,
                    7
                ],
                [
                    124,
                    33,
                    3
                ]
            ],
            "differences": [
                61.66047044605209,
                63.46810863815119,
                62.644287707705374,
                52.855436928628805,
                42.796225761157075,
                58.5355529879407,
                61.278193596116076,
                69.09369751497366
            ],
            "best_on_plate": [
                48,
                85,
                35
            ],
            "pos_on_plate": 4,
            "plate_best_diff": 42.796225761157075,
            "best_so_far": [
                191,
                134,
                1
            ]
        },
        {
            "run_number": 7,
            "run_label": "run-20230403_111743",
            "tried_values": [
                [
                    0.44217687074829926,
                    0.5102040816326531,
                    0.047619047619047616
                ],
                [
                    0.21069182389937108,
                    0.48742138364779874,
                    0.3018867924528302
                ],
                [
                    0.5831062670299727,
                    0.35149863760217986,
                    0.06539509536784742
                ],
                [
                    0.4747252747252747,
                    0.4307692307692308,
                    0.09450549450549449
                ],
                [
                    0.3524590163934426,
                    0.6147540983606558,
                    0.03278688524590164
                ],
                [
                    0.2548136009832036,
                    0.36460467021712417,
                    0.38058172879967234
                ],
                [
                    0.1697965571205008,
                    0.6533646322378717,
                    0.17683881064162754
                ],
                [
                    0.29523809523809524,
                    0.11005291005291004,
                    0.5947089947089947
                ]
            ],
            "exp_volumes": [
                [
                    121.59863945578229,
                    140.3061224489796,
                    13.095238095238095
                ],
                [
                    57.94025157232705,
                    134.04088050314465,
                    83.0188679245283
                ],
                [
                    160.35422343324248,
                    96.66212534059946,
                    17.98365122615804
                ],
                [
                    130.54945054945054,
                    118.46153846153847,
                    25.989010989010985
                ],
                [
                    96.92622950819673,
                    169.05737704918033,
                    9.01639344262295
                ],
                [
                    70.073740270381,
                    100.26628430970915,
                    104.6599754199099
                ],
                [
                    46.69405320813772,
                    179.6752738654147,
                    48.63067292644757
                ],
                [
                    81.19047619047619,
                    30.264550264550262,
                    163.54497354497354
                ]
            ],
            "results": [
                [
                    35,
                    34,
                    23
                ],
                [
                    52,
                    66,
                    41
                ],
                [
                    36,
                    23,
                    10
                ],
                [
                    34,
                    29,
                    16
                ],
                [
                    8,
                    18,
                    15
                ],
                [
                    14,
                    28,
                    1
                ],
                [
                    8,
                    32,
                    23
                ],
                [
                    91,
                    60,
                    4
                ]
            ],
            "differences": [
                62.16318001547588,
                51.97699427143399,
                66.18027839230858,
                63.35745769924704,
                66.86475104320105,
                62.6628147191749,
                63.376216312568765,
                54.26957660173898
            ],
            "best_on_plate": [
                52,
                66,
                41
            ],
            "pos_on_plate": 1,
            "plate_best_diff": 51.97699427143399,
            "best_so_far": [
                191,
                134,
                1
            ]
        },
        {
            "run_number": 6,
            "run_label": "run-20230403_110904",
            "tried_values": [
                [
                    0.5242718446601942,
                    0.3932038834951456,
                    0.08252427184466019
                ],
                [
                    0.47792706333973123,
                    0.45489443378119,
                    0.0671785028790787
                ],
                [
                    0.33088235294117646,
                    0.45955882352941174,
                    0.20955882352941177
                ],
                [
                    0.059331175836030196,
                    0.459546925566343,
                    0.4811218985976267
                ],
                [
                    0.157014157014157,
                    0.17631917631917632,
                    0.6666666666666666
                ],
                [
                    0.473604826546003,
                    0.12217194570135746,
                    0.4042232277526395
                ],
                [
                    0.17677642980935876,
                    0.6611785095320625,
                    0.16204506065857888
                ],
                [
                    0.3305044790193305,
                    0.22442244224422442,
                    0.445073078736445
                ]
            ],
            "exp_volumes": [
                [
                    144.17475728155338,
                    108.13106796116504,
                    22.69417475728155
                ],
                [
                    131.4299424184261,
                    125.09596928982725,
                    18.474088291746643
                ],
                [
                    90.99264705882352,
                    126.37867647058823,
                    57.62867647058824
                ],
                [
                    16.316073354908305,
                    126.37540453074433,
                    132.30852211434734
                ],
                [
                    43.178893178893176,
                    48.48777348777349,
                    183.33333333333331
                ],
                [
                    130.24132730015083,
                    33.5972850678733,
                    111.16138763197587
                ],
                [
                    48.61351819757366,
                    181.82409012131717,
                    44.56239168110919
                ],
                [
                    90.88873173031588,
                    61.71617161716171,
                    122.39509665252238
                ]
            ],
            "results": [
                [
                    20,
                    14,
                    1
                ],
                [
                    13,
                    11,
                    1
                ],
                [
                    11,
                    19,
                    1
                ],
                [
                    7,
                    63,
                    14
                ],
                [
                    65,
                    75,
                    7
                ],
                [
                    96,
                    55,
                    11
                ],
                [
                    23,
                    60,
                    48
                ],
                [
                    55,
                    50,
                    11
                ]
            ],
            "differences": [
                66.78179545186667,
                67.20224317117122,
                65.34635545083688,
                53.47143874348734,
                45.73836427776155,
                58.00189340940024,
                56.921495671784655,
                56.58042101395152
            ],
            "best_on_plate": [
                65,
                75,
                7
            ],
            "pos_on_plate": 4,
            "plate_best_diff": 45.73836427776155,
            "best_so_far": [
                191,
                134,
                1
            ]
        },
        {
            "run_number": 5,
            "run_label": "run-20230403_110026",
            "tried_values": [
                [
                    0.4318181818181818,
                    0.3409090909090909,
                    0.22727272727272724
                ],
                [
                    0.21666666666666667,
                    0.47777777777777775,
                    0.3055555555555556
                ],
                [
                    0.5175879396984925,
                    0.33417085427135684,
                    0.14824120603015076
                ],
                [
                    0.3503184713375796,
                    0.49681528662420377,
                    0.15286624203821655
                ],
                [
                    0.2646153846153846,
                    0.12384615384615384,
                    0.6115384615384616
                ],
                [
                    0.45064377682403434,
                    0.46045370938074803,
                    0.08890251379521766
                ],
                [
                    0.2372114078768674,
                    0.31824354911724767,
                    0.4445450430058851
                ],
                [
                    0.5497237569060774,
                    0.013812154696132598,
                    0.43646408839779005
                ]
            ],
            "exp_volumes": [
                [
                    118.75,
                    93.75,
                    62.49999999999999
                ],
                [
                    59.583333333333336,
                    131.38888888888889,
                    84.02777777777779
                ],
                [
                    142.33668341708542,
                    91.89698492462313,
                    40.766331658291456
                ],
                [
                    96.3375796178344,
                    136.62420382165604,
                    42.038216560509554
                ],
                [
                    72.76923076923076,
                    34.05769230769231,
                    168.17307692307693
                ],
                [
                    123.92703862660944,
                    126.62477007970571,
                    24.448191293684857
                ],
                [
                    65.23313716613853,
                    87.51697600724312,
                    122.24988682661841
                ],
                [
                    151.1740331491713,
                    3.7983425414364644,
                    120.02762430939227
                ]
            ],
            "results": [
                [
                    29,
                    25,
                    4
                ],
                [
                    15,
                    29,
                    6
                ],
                [
                    45,
                    36,
                    20
                ],
                [
                    31,
                    35,
                    23
                ],
                [
                    108,
                    81,
                    17
                ],
                [
                    14,
                    12,
                    3
                ],
                [
                    19,
                    40,
                    1
                ],
                [
                    135,
                    39,
                    1
                ]
            ],
            "differences": [
                63.718512535414646,
                62.59396209567742,
                61.86530778400799,
                61.78627411853394,
                43.68705790621745,
                67.15493338079902,
                59.13512705616253,
                66.55447820411673
            ],
            "best_on_plate": [
                108,
                81,
                17
            ],
            "pos_on_plate": 4,
            "plate_best_diff": 43.687057906217454,
            "best_so_far": [
                191,
                134,
                1
            ]
        },
        {
            "run_number": 4,
            "run_label": "run-20230403_105151",
            "tried_values": [
                [
                    0.33333333333333337,
                    0.45045045045045046,
                    0.2162162162162162
                ],
                [
                    0.7112582781456953,
                    0.26754966887417214,
                    0.021192052980132447
                ],
                [
                    0.6192307692307693,
                    0.3173076923076923,
                    0.06346153846153846
                ],
                [
                    0.36600000000000005,
                    0.616,
                    0.018
                ],
                [
                    0.4069264069264069,
                    0.42424242424242425,
                    0.16883116883116883
                ],
                [
                    0.24697644812221514,
                    0.6072565245066835,
                    0.1457670273711012
                ],
                [
                    0.5447928331466965,
                    0.15901455767077266,
                    0.2961926091825308
                ],
                [
                    0.6340304182509505,
                    0.24524714828897334,
                    0.12072243346007602
                ]
            ],
            "exp_volumes": [
                [
                    91.66666666666667,
                    123.87387387387388,
                    59.45945945945945
                ],
                [
                    195.5960264900662,
                    73.57615894039733,
                    5.8278145695364225
                ],
                [
                    170.28846153846155,
                    87.25961538461539,
                    17.451923076923077
                ],
                [
                    100.65000000000002,
                    169.4,
                    4.949999999999999
                ],
                [
                    111.9047619047619,
                    116.66666666666667,
                    46.42857142857143
                ],
                [
                    67.91852323360916,
                    166.995544239338,
                    40.08593252705283
                ],
                [
                    149.81802911534152,
                    43.72900335946248,
                    81.45296752519597
                ],
                [
                    174.3583650190114,
                    67.44296577946767,
                    33.19866920152091
                ]
            ],
            "results": [
                [
                    32,
                    37,
                    17
                ],
                [
                    59,
                    41,
                    23
                ],
                [
                    57,
                    45,
                    30
                ],
                [
                    8,
                    21,
                    21
                ],
                [
                    14,
                    20,
                    6
                ],
                [
                    6,
                    24,
                    22
                ],
                [
                    48,
                    23,
                    0
                ],
                [
                    39,
                    23,
                    0
                ]
            ],
            "differences": [
                60.5615959423557,
                61.84446993419919,
                60.2495552217445,
                67.0632556980105,
                65.36522642577528,
                66.2067316590976,
                67.39750354363778,
                65.72609414526495
            ],
            "best_on_plate": [
                57,
                45,
                30
            ],
            "pos_on_plate": 2,
            "plate_best_diff": 60.249555221744494,
            "best_so_far": [
                191,
                134,
                1
            ]
        },
        {
            "run_number": 3,
            "run_label": "run-20230403_104316",
            "tried_values": [
                [
                    0.4533333333333333,
                    0.41777777777777775,
                    0.1288888888888889
                ],
                [
                    0.2818930041152264,
                    0.3827160493827161,
                    0.33539094650205764
                ],
                [
                    0.6728395061728395,
                    0.31481481481481477,
                    0.012345679012345678
                ],
                [
                    0.07806691449814127,
                    0.9169764560099133,
                    0.004956629491945477
                ],
                [
                    0.4529411764705883,
                    0.0411764705882353,
                    0.5058823529411764
                ],
                [
                    0.6210720887245841,
                    0.053604436229205174,
                    0.3253234750462107
                ],
                [
                    0.17419884963023827,
                    0.7214461791290057,
                    0.10435497124075595
                ],
                [
                    0.22852081488042517,
                    0.3879539415411869,
                    0.38352524357838796
                ]
            ],
            "exp_volumes": [
                [
                    124.66666666666666,
                    114.88888888888889,
                    35.44444444444444
                ],
                [
                    77.52057613168725,
                    105.24691358024693,
                    92.23251028806585
                ],
                [
                    185.03086419753086,
                    86.57407407407406,
                    3.3950617283950617
                ],
                [
                    21.46840148698885,
                    252.16852540272615,
                    1.3630731102850062
                ],
                [
                    124.55882352941178,
                    11.323529411764708,
                    139.11764705882354
                ],
                [
                    170.79482439926062,
                    14.741219963031423,
                    89.46395563770794
                ],
                [
                    47.904683648315526,
                    198.39769926047654,
                    28.697617091207885
                ],
                [
                    62.84322409211692,
                    106.6873339238264,
                    105.46944198405669
                ]
            ],
            "results": [
                [
                    24,
                    25,
                    10
                ],
                [
                    13,
                    23,
                    0
                ],
                [
                    27,
                    17,
                    4
                ],
                [
                    1,
                    57,
                    87
                ],
                [
                    140,
                    59,
                    7
                ],
                [
                    134,
                    44,
                    1
                ],
                [
                    11,
                    51,
                    53
                ],
                [
                    37,
                    50,
                    24
                ]
            ],
            "differences": [
                63.92512274130737,
                64.1549538734548,
                66.8950446695444,
                70.76557180628825,
                58.86191325996909,
                64.70839365076422,
                62.21718920416692,
                57.15477887927363
            ],
            "best_on_plate": [
                37,
                50,
                24
            ],
            "pos_on_plate": 7,
            "plate_best_diff": 57.15477887927363,
            "best_so_far": [
                191,
                134,
                1
            ]
        },
        {
            "run_number": 2,
            "run_label": "run-20230403_103434",
            "tried_values": [
                [
                    0.5858895705521473,
                    0.41104294478527614,
                    0.003067484662576687
                ],
                [
                    0.30397727272727276,
                    0.34232954545454547,
                    0.3536931818181818
                ],
                [
                    0.1515601783060921,
                    0.39078751857355126,
                    0.4576523031203566
                ],
                [
                    0.09057301293900184,
                    0.7273567467652495,
                    0.18207024029574861
                ],
                [
                    0.1465798045602606,
                    0.15635179153094464,
                    0.6970684039087948
                ],
                [
                    0.18095238095238095,
                    0.7277777777777779,
                    0.09126984126984128
                ],
                [
                    0.0,
                    0.8465346534653465,
                    0.15346534653465346
                ],
                [
                    0.4930555555555555,
                    0.10300925925925926,
                    0.4039351851851852
                ]
            ],
            "exp_volumes": [
                [
                    161.1196319018405,
                    113.03680981595095,
                    0.843558282208589
                ],
                [
                    83.59375000000001,
                    94.140625,
                    97.265625
                ],
                [
                    41.67904903417533,
                    107.4665676077266,
                    125.85438335809806
                ],
                [
                    24.907578558225506,
                    200.02310536044362,
                    50.06931608133087
                ],
                [
                    40.309446254071666,
                    42.99674267100978,
                    191.69381107491856
                ],
                [
                    49.76190476190476,
                    200.1388888888889,
                    25.09920634920635
                ],
                [
                    0.0,
                    232.7970297029703,
                    42.2029702970297
